2041596149793460513453124380565716884464482074665559013088840094920378631793104030729435918339309398327299041096901034357405143586470705117972620436628650418856615729713369957222781592045745820615714882484972042323966034579394181644268629126496346863687261086644177136944632423422703055807992059331952455445737810578840452680187:[(0, 11), (0, 17), (0, 35), (0, 39), (0, 65), (0, 78), (11, 17), (11, 35), (11, 39), (11, 65), (11, 78), (17, 35), (17, 39), (17, 65), (17, 78), (35, 39), (35, 65), (35, 78), (39, 65), (39, 78), (65, 78)]
8932470518976727223343114760454024957247861012614510498106336815535354615166536498507805393096006974471936016486941442300891384870386416309509891526918680820098034664257685978245376053327593317414082438278995894454424096047495577375890551649351838116800852517675677919632726462936610791759:[(0, 43), (0, 47), (0, 54), (0, 60), (0, 74), (0, 97), (43, 47), (43, 54), (43, 60), (43, 74), (43, 97), (47, 60), (47, 74), (47, 97), (54, 60), (54, 74), (54, 97), (60, 74), (60, 97), (74, 97)]
5950248673361792656584144431819910491632251385612416886041925264872261938495268613129057109272433304810261261455378415658780356021387771799074134555758204416786666985975716709703868982096708133265595326200725775522243048046298706876079517744436145830563950233942167126746590022025946478209:[(1, 12), (1, 39), (12, 39)]
2889041250305144027617819953461962058110630528606562676417721982031234844677212732693344422236911333674563911291629636130819666640280000733762047621250854287896001821601625775699240923132738441641257592966016633636029549352866473080622785493447980005312591414339778992340273890718929344114046690039608901938470747513826053143173:[(1, 15), (1, 28), (1, 66), (1, 72), (15, 28), (15, 66), (15, 72), (28, 66), (28, 72), (66, 72)]
7193319985907451111096439035806033361647545763039109914473810948299327706136811409996978168963643381555616844860273842535947401107504932302919140616937426583187140870534188535053055241449737523782831815267782376681800473680506672266365681296375284597322164571929894863531465785196338441477:[(2, 72), (2, 80), (72, 80)]
3056102649134562004879374842786126547142510767835758513104398845530203316149302098007291367738754807979924938894874911019252402829765301891522807534385259258163447650674973005613802356398596023266367861258142178211030806128784614626340032761245890441337001685675351808251043382002807759050748317818218290277153313158049563550557:[(2, 94)]
9228042472111791563057922506903308284866212072575267180040298714948195191834367230676180352865446791010233544588654232191102129544729762388468147535949027792749420076175034293892741726357058174108413189385875628177619879568420761987724373895100811361537797197611324199689125591095994719667:[(3, 10), (3, 17), (3, 23), (3, 38), (3, 40), (3, 45), (3, 49), (10, 17), (10, 23), (10, 38), (10, 40), (10, 49), (17, 23), (17, 38), (17, 40), (17, 45), (17, 49), (23, 38), (23, 40), (23, 45), (23, 49), (38, 40), (38, 45), (38, 49), (40, 45), (40, 49), (45, 49)]
2133475712606466549292626669779996521064951245227916224167123863197750077747840557014176396215783378820088061525539859622855080214170834175189294624277528688647196269282374639792896150688935093936216049981046635320615681655724831717340611277984303603257232308796339664136875724658428093434556158627142320493571734657773421868669:[(3, 31)]
9191503254685758264820833399795462709899691530768209485951630195588137193094418355700276342625564774999791189481763783555675916009890911236100073266006787391438624564593172032800418534355235860680301964083169963436870653962074971788463594153000392585341184314752186097322397411244630752791:[(4, 18), (4, 32), (4, 33), (4, 37), (4, 73), (4, 82), (18, 32), (18, 33), (18, 37), (18, 73), (18, 82), (32, 33), (32, 37), (32, 73), (32, 82), (33, 37), (33, 73), (33, 82), (37, 73), (37, 82), (73, 82)]
2289707915292431770420084948597211406716315753918526186571216324459388792558299772482938683365398489556335131340402665585910573169577639859432179681137574982965837868247810598672033597471848950769800826816363575924711276891686753783797199561853053513427978769622981545934067194061223294324350056220955260140705972840921672286899:[(4, 52), (4, 56), (52, 56)]
5550799971163609795153781347966436427993658935704833078169044927369914949532355170942280434348146946398847084827647331110006625964397979935027586389573630549377029605122649357796852598532808772008697836639853144901097745066702475213583320432049695887090375030157049261619646289898545986187:[(5, 6), (5, 36), (5, 42), (6, 36), (6, 42)]
2319223651776462974943270784016281445506648997055296733092764064981648847758642024928494851447307697350780744503811306266865977222601354488324351588637154785362674406473949742314885778097223502304540417992764935267247758149074386370403024502265411153621661733776090569918891633745522930987566046888463938967644632334984118807133:[(5, 10), (5, 27), (5, 37), (5, 45), (5, 51), (5, 86), (10, 27), (10, 37), (10, 51), (10, 86), (27, 37), (27, 45), (27, 51), (27, 86), (37, 45), (37, 51), (37, 86), (45, 51), (45, 86), (51, 86)]
3310281845213736866783897863924538356866835554557531541522358681369579149311738504895241729777777849816318636685844465783923535421347932555942386603163230594692756722074812967408832398398166546850605809967034929403001656530942699490992351531037620056965227459545683188768412141894143439429370558159376571456977839021878776489927:[(6, 74), (6, 99), (74, 99)]
2098045695380801875295109141857117609001301130408817906252384898625411226787787128715231885055292653352215945092168351561516586982672212988578371101576242460339643897906247495821940934353948380650531396424372734136048754894257042849760128266627045659635077160871680071284203103163587813755623217041550846710716372018472437826777:[(7, 43), (7, 70), (7, 82), (7, 87), (43, 70), (43, 82), (43, 85), (43, 87), (70, 82), (70, 85), (70, 87), (82, 85), (82, 87), (85, 87)]
7924323007471549432995803304328474127475347212851648908417958537969175948227054513644311630623744867731791753909155315367730942023984194405009949240930615002480919753095026720835314291755572620877923844117119868625599126377950813331294491889219480245397738289429345127733646646585969932839:[(7, 61), (7, 78), (61, 78), (61, 85), (78, 85)]
2845328781019181955681051761485163643821390413600074730197646468360334519372159111213541283667032929596190450158115733156229726452069425062574270613654821192033689755041152928823241958616485404812979985884096747089651630230602745087591099304820315028691735643624661349639550447465817715066442195916975902957617195583441963016679:[(8, 16), (8, 58), (8, 77), (16, 58), (16, 77), (58, 77)]
8579289514733271645275163685933948899288994364152959253028503595788190207340228317337295116110950926849921031032996064272528776805546231369137683139646786132350589676074482033928243637600454421855308800836581759720705871017066487889578425569483725503632097956777441875910585138350747075677:[(8, 41), (8, 67), (41, 67)]
8589870289196069341247573532788547080076435903444589468820081539167679054665829748416792594151140906364929275880529938582779071840754116784892182346383379646171549265080187487881317017237643495602192337464975770080372729772092209689459655166536052098265000019598425384957940334126788205929:[(9, 21), (9, 22), (9, 35), (9, 51), (9, 57), (9, 59), (9, 64), (9, 66), (9, 71), (21, 22), (21, 35), (21, 51), (21, 57), (21, 59), (21, 64), (21, 66), (21, 71), (22, 35), (22, 51), (22, 57), (22, 59), (22, 64), (22, 66), (22, 71), (35, 51), (35, 57), (35, 59), (35, 64), (35, 66), (35, 71), (51, 57), (51, 59), (51, 64), (51, 66), (51, 71), (57, 59), (57, 64), (57, 66), (57, 71), (59, 64), (59, 66), (59, 71), (64, 66), (64, 71), (66, 71)]
2129938813031984180472869371852870040995345311690715984868398314513482591618690490277012340582459168323774823990873088137103936644057505461491373533361257744800129857022857225525264949086778530083319559572968193992780020047196245142586749093990771360619104770542926443323015192865307037853168982075589307856527071774410065687569:[(9, 36), (9, 42), (9, 69), (36, 69), (42, 69)]
8014550846638377803144606608878851835155916121584014986057365580268758237673801025335905160810229371644226008232587453074496463034059549082272174156502510716582413735792941630181620795518629009934135038300712239861604009095656223249157063999622073438527355935152158201475564793512155604819:[(11, 29), (11, 30), (29, 30)]
2659919400798175436569029742248898789940276230315990599286343849036573125634475671697270675886129368582194013161569931688686134288241451540530049412278880046969349778339042386391684867785139014936559926204780347713153427940518385069842682673899306876972609696454201243960081138639499594136883184659483906719526872666936761514527:[(12, 57), (12, 81), (12, 97), (57, 81), (57, 97), (81, 97)]
2161902595410940563242939130639874193643640973722065992776601843113712056298202690838873268731238863113659432226641108922947876420508712185778364495766416503998011654757416464289255006449883487240457089903352942545982548128586957151851815432418857367139640337841853433077097483306959621845078193215374561625782907312310856143827:[(13, 25), (13, 38), (13, 46), (25, 38), (25, 46), (38, 46)]
6485680712938728093422069953610824259042338754231162082366128336040821179967135816592574840094380884518087868146406911244841994892993622474366308012572147113548419460454631313741594976006709078459104103339399990264795415822327333613934952121770969079985397632757928179302559047009246073341:[(13, 62)]
2419409219966288208433917402385504734352758892375244409285695638986228082434137064597516067216584618123116960654191564853573686823660931283849898278030039402155427520986699577121539046399691189596131408743362729396102464957822990615019348776719493887504071065853627041050881500037278580229297565198812738446427477858134371257997:[(14, 40), (14, 55), (14, 68), (14, 71), (40, 55), (40, 68), (40, 71), (55, 68), (55, 71), (68, 71)]
9279835235101120590693398638908584585664416198777441903678289607799495919915429829122003045625278774993777841939219887115937534544736119555526013168340850947118396483593703598431784295001587319865431567823404766530478949145481953801163790643871498464025012686310886451573515052237187011931:[(14, 50), (14, 69), (14, 95), (14, 99), (50, 69), (50, 95), (50, 99), (69, 95), (69, 99), (95, 99)]
8995647906897684906592864071199931585850054483797422491152989925982103356153197312366626666938479060097681115442012438729272022763178656760434968454646713317895996242656690351124653763202821728925791058027335331704850766151492542578242526353572109801414617596278557479389287796476122276671:[(15, 65)]
9639083732275310999657989587374699998445292394670740453613402388635759001626346763259703590387894844459734430363338351709450991742887836171305004045381685589432097157143330710181313637476554403398231465184553635139676294264861277660030153382335068124577850902805303668591276498310494646937:[(16, 25), (16, 44), (16, 53), (16, 63), (16, 70), (25, 44), (25, 53), (25, 63), (25, 70), (44, 53), (44, 70), (53, 63), (53, 70), (63, 70)]
2048720662055404966734179148175873594713020083188652082863628260281358337189071063876255009855406226549851715403541460506710371295572089552674217934201778590730310323787003117945921433364117170054867909736352757585938277107521296380746802208766572820022861111853430606910060017087762533149774788107414854148023851652832132256469:[(18, 19), (18, 50), (19, 50)]
8930660042570211187693357783536117055331180257729240189502768564204962683853753142670824417408130988831532549992363514138535222500172156578579963732804863682576371801601030488320955717049630225808506042146198560721457399940860692903338195970420444620273502958143388998731794860299020948447:[(19, 76)]
9688114974177541047036244694294894797969208965844412533169850097634609431464508706030812463973535305708242348491876726844322536362777295422721370604257482675624742379244788552769247491881097127668123426184388205432519759995262431181035133801782227331894370394622931450429907995176130190469:[(20, 28), (20, 56), (20, 77), (20, 83), (20, 89), (20, 92), (28, 56), (28, 77), (28, 83), (28, 89), (28, 92), (56, 77), (56, 83), (56, 89), (56, 92), (77, 83), (77, 89), (77, 92), (83, 89), (83, 92)]
2626137944300538512705761611708519514277944735248832868760870055295880954019501776636649381034640531448042730803300768946455873526761633064062794078282120783624388689930808305389531513433943160047906724740851340918176394348446954274836397438611576745951945893379338443363062316273456345959277370823422000259662916533490238112533:[(20, 41), (20, 64), (41, 64)]
2074221672232350580658808157743370798015712485387775631123807205677830134826745438036851539788471208192832235968777690458803263953068959514109966869767848572085966721159592247354800004469013340137593602558149015479583063357379888190311811031998443927178591383390178806089937087684145291333702951177566876916395456133444782695301:[(21, 61), (21, 62), (21, 88), (61, 62), (61, 88), (62, 88)]
2566333118471229761714620911783541107193298815521767933020321038592060877853855526051641448198368030215992007549501657237107934076935018394981889235188948260291035023073008382993258429150032534093968478480196573578555692627916526887223212267426969700450606362775104712218157455948007056921622754447213730846653279693849488639149:[(22, 26), (22, 30), (22, 33), (22, 83), (26, 30), (26, 33), (26, 83), (30, 33), (30, 83), (33, 83)]
2448083574738212790668674205455739540294802585642365167163512729407530280869873352788035911998608457937546586351588148214626597690544718605589620488880551939139890464611607086386081896523070411005283168970220815718726888825206206713416689094421068678262290044231903146060363325382285367252695575231423491934839848850255963069077:[(23, 32), (23, 47), (23, 54), (23, 67), (23, 75), (23, 80), (23, 98), (32, 47), (32, 54), (32, 67), (32, 75), (32, 80), (32, 98), (47, 67), (47, 75), (47, 80), (47, 98), (54, 67), (54, 75), (54, 80), (54, 98), (67, 75), (67, 80), (67, 98), (75, 80), (75, 98), (80, 98)]
2590307311623558302255739585410225216048187569802424105208844257488584165820240860729491322703044906046989096427370773675878950996829661909596546234415476953575420202107974838007546680046640887223626376212600969176054439722470683259848462344384389637039726987673688340648371116643449578210865734350415206181940861345711958375037:[(24, 48), (24, 84), (48, 84)]
8091108875657866128964879055103295537187300012459026224757396635518212421094879342522558022323446207975949429773481273862059927643583678953338277519877564054618023615298375358201899034054426912548594358538425637713091287885537381909257392105625847569464245665693197657090497877677935791379:[(24, 55), (24, 58), (24, 93), (24, 94), (55, 58), (55, 93), (55, 94), (58, 93), (58, 94), (93, 94)]
6842000381145929440750235662769519841475646020022821138649126542163797170924890993161657265001081141518513242704456791588252413709994041577960524530198693633887592012528485478619566592771845019320387229690965651539111597903115055298989268041744005764328271445986164247298426168448326091657:[(26, 31), (26, 68), (26, 86), (31, 68), (31, 86), (68, 86)]
8839659009340992520683366660330537049232264463986310184654101083743208826977719129960269647735700819061476909194624436705660142002256757620197790563891787851045259194515064362111619649131652666615611270619734729414007218598116079812903250174932398658040380530639617065881493038239712134537:[(27, 91)]
2902400038070897517753593012240005491350583306844101467714872584461330612289326321779351528592976867977504407943698380003457965801426459847949973995784709443733165660357194011474456067058961912743257408031366103392061456790471710099188232170023552495399993812581542682991003117264309803969744753987791948890235696670317114615599:[(29, 91), (29, 93), (29, 95), (91, 93), (91, 95), (93, 95)]
1858113961970817154263417488099753454675578958885065384440860961365237744164019762535486042379502925666299534367856961372002795966637837011350588529404232952524717962895588709852101882111290111692067964899385633647575330196519648064198106864672224679540708513294864505809689851593056875624470283294540223245413162155495228642137:[(34, 44), (34, 60), (34, 63), (34, 76), (34, 89), (34, 90), (34, 92), (44, 60), (44, 76), (44, 89), (44, 90), (44, 92), (44, 96), (60, 63), (60, 76), (60, 89), (60, 90), (60, 92), (60, 96), (63, 76), (63, 89), (63, 90), (63, 92), (63, 96), (76, 89), (76, 90), (76, 92), (76, 96), (89, 90), (89, 96), (90, 92), (90, 96), (92, 96)]
6646271030113690562820092100474101292892470508606977661644673737637771473005708719962170479830575863922614754817094211969499856602762286255918569106614054430321789029590096915651937804339267322341726309950722415502707744891969437902972421658861923829641847255792656790801008972870728283949:[(34, 81), (34, 88), (81, 88), (81, 96), (88, 96)]
7894680037391210137185239969482468860540368955187481397488939744356813092289626027660747085515098401064757189461282629857194680887916742447016826272847761683801100593629502617380469201793218350552905941742888734382286898200435728807554979334885255852495349549614662020211651775503583728449:[(46, 79), (46, 90), (79, 90)]
8735646828954907678603625183394025778201186047071409549792364401880491942582057268871015259526561022600260447879383139059625950552006854411710348221819802012765330357734844015699764197193563617086086600655399571002015617300133264613177418904966182747639250407203101565827921776780169717207:[(48, 98)]
2133188184942318245311305375473383796797202832568873586827519776001919019846797573710339233331324015938709741689266693180796276009674410676366481157425634086855958360616762393530732777429863159807768120550732529719812695667053605200973085104292314763799692647270352052400662103165891793553169997710885104214624103596430622209467:[(49, 53), (49, 79), (53, 79)]
9743708550395237610903659497139014666362498759671378392975777130865153435543779457182314595104896747319377454248919152030877606352717820288089695503958928218907723137170466142084210627481879282752936597329626476007481064125812619286856857108670978667368698200455697257781503911489661174421:[(52, 75), (52, 84), (75, 84)]
