3310281845213736866783897863924538356866835554557531541522358681369579149311738504895241729777777849816318636685844465783923535421347932555942386603163230594692756722074812967408832398398166546850605809967034929403001656530942699490992351531037620056965227459545683188768412141894143439429370558159376571456977839021878776489927
2048720662055404966734179148175873594713020083188652082863628260281358337189071063876255009855406226549851715403541460506710371295572089552674217934201778590730310323787003117945921433364117170054867909736352757585938277107521296380746802208766572820022861111853430606910060017087762533149774788107414854148023851652832132256469
2626137944300538512705761611708519514277944735248832868760870055295880954019501776636649381034640531448042730803300768946455873526761633064062794078282120783624388689930808305389531513433943160047906724740851340918176394348446954274836397438611576745951945893379338443363062316273456345959277370823422000259662916533490238112533
2566333118471229761714620911783541107193298815521767933020321038592060877853855526051641448198368030215992007549501657237107934076935018394981889235188948260291035023073008382993258429150032534093968478480196573578555692627916526887223212267426969700450606362775104712218157455948007056921622754447213730846653279693849488639149
3056102649134562004879374842786126547142510767835758513104398845530203316149302098007291367738754807979924938894874911019252402829765301891522807534385259258163447650674973005613802356398596023266367861258142178211030806128784614626340032761245890441337001685675351808251043382002807759050748317818218290277153313158049563550557
1858113961970817154263417488099753454675578958885065384440860961365237744164019762535486042379502925666299534367856961372002795966637837011350588529404232952524717962895588709852101882111290111692067964899385633647575330196519648064198106864672224679540708513294864505809689851593056875624470283294540223245413162155495228642137
2845328781019181955681051761485163643821390413600074730197646468360334519372159111213541283667032929596190450158115733156229726452069425062574270613654821192033689755041152928823241958616485404812979985884096747089651630230602745087591099304820315028691735643624661349639550447465817715066442195916975902957617195583441963016679
2419409219966288208433917402385504734352758892375244409285695638986228082434137064597516067216584618123116960654191564853573686823660931283849898278030039402155427520986699577121539046399691189596131408743362729396102464957822990615019348776719493887504071065853627041050881500037278580229297565198812738446427477858134371257997
2041596149793460513453124380565716884464482074665559013088840094920378631793104030729435918339309398327299041096901034357405143586470705117972620436628650418856615729713369957222781592045745820615714882484972042323966034579394181644268629126496346863687261086644177136944632423422703055807992059331952455445737810578840452680187
2133188184942318245311305375473383796797202832568873586827519776001919019846797573710339233331324015938709741689266693180796276009674410676366481157425634086855958360616762393530732777429863159807768120550732529719812695667053605200973085104292314763799692647270352052400662103165891793553169997710885104214624103596430622209467
2448083574738212790668674205455739540294802585642365167163512729407530280869873352788035911998608457937546586351588148214626597690544718605589620488880551939139890464611607086386081896523070411005283168970220815718726888825206206713416689094421068678262290044231903146060363325382285367252695575231423491934839848850255963069077
2289707915292431770420084948597211406716315753918526186571216324459388792558299772482938683365398489556335131340402665585910573169577639859432179681137574982965837868247810598672033597471848950769800826816363575924711276891686753783797199561853053513427978769622981545934067194061223294324350056220955260140705972840921672286899
2889041250305144027617819953461962058110630528606562676417721982031234844677212732693344422236911333674563911291629636130819666640280000733762047621250854287896001821601625775699240923132738441641257592966016633636029549352866473080622785493447980005312591414339778992340273890718929344114046690039608901938470747513826053143173
2098045695380801875295109141857117609001301130408817906252384898625411226787787128715231885055292653352215945092168351561516586982672212988578371101576242460339643897906247495821940934353948380650531396424372734136048754894257042849760128266627045659635077160871680071284203103163587813755623217041550846710716372018472437826777
2319223651776462974943270784016281445506648997055296733092764064981648847758642024928494851447307697350780744503811306266865977222601354488324351588637154785362674406473949742314885778097223502304540417992764935267247758149074386370403024502265411153621661733776090569918891633745522930987566046888463938967644632334984118807133
2074221672232350580658808157743370798015712485387775631123807205677830134826745438036851539788471208192832235968777690458803263953068959514109966869767848572085966721159592247354800004469013340137593602558149015479583063357379888190311811031998443927178591383390178806089937087684145291333702951177566876916395456133444782695301
2863059286055193922751776510691243581988105889588911541988895388505357978763586223730295617889603939272983580809945950917370891444426409900981334534047012184452384438226720631237510969840934457407072265145117119826648773061844965272328460831939433147711613186980229719386028638771570896467648084036671699306197895697131842645211
2129938813031984180472869371852870040995345311690715984868398314513482591618690490277012340582459168323774823990873088137103936644057505461491373533361257744800129857022857225525264949086778530083319559572968193992780020047196245142586749093990771360619104770542926443323015192865307037853168982075589307856527071774410065687569
3240055157403672757943565225186935687118767433168705414950768147577463103870818254768459234422689338912956157620156228613917606342349542707013800717789869086983231665157981264026908269080002218209507725867681712055293052003684653489498883413349601933460987880956962853717524311123502223644630930262720651573576018986178350442961
2659919400798175436569029742248898789940276230315990599286343849036573125634475671697270675886129368582194013161569931688686134288241451540530049412278880046969349778339042386391684867785139014936559926204780347713153427940518385069842682673899306876972609696454201243960081138639499594136883184659483906719526872666936761514527
2902400038070897517753593012240005491350583306844101467714872584461330612289326321779351528592976867977504407943698380003457965801426459847949973995784709443733165660357194011474456067058961912743257408031366103392061456790471710099188232170023552495399993812581542682991003117264309803969744753987791948890235696670317114615599
2161902595410940563242939130639874193643640973722065992776601843113712056298202690838873268731238863113659432226641108922947876420508712185778364495766416503998011654757416464289255006449883487240457089903352942545982548128586957151851815432418857367139640337841853433077097483306959621845078193215374561625782907312310856143827
2133475712606466549292626669779996521064951245227916224167123863197750077747840557014176396215783378820088061525539859622855080214170834175189294624277528688647196269282374639792896150688935093936216049981046635320615681655724831717340611277984303603257232308796339664136875724658428093434556158627142320493571734657773421868669
2590307311623558302255739585410225216048187569802424105208844257488584165820240860729491322703044906046989096427370773675878950996829661909596546234415476953575420202107974838007546680046640887223626376212600969176054439722470683259848462344384389637039726987673688340648371116643449578210865734350415206181940861345711958375037
2512978961589605341727780826445096926613409127164383651342575819453740531782491557405650081890902072418663264124850894975518665024332579064934506574960451640976454858220295244141779051557833253350142776714684975024269065505418502979684128292928131583630840905518997651768362257771101159334637449731470587418276424327990726655221
2726059624471950669548107820091982986740087198720874033596371904722102568192599513197782238362671004852722831981403899182556221249826882620490106500424961628123677515379600176799517078132784700147822408525952003050746472558109683108649656490177443374396191227739099762666981815811221797869987404020678730428996523879681282538513
2691911039733301827782141578926471444929156199618030441505569637549868689693528323652653522397362057028820485646529787076517281632677090740931017774957668095916046809038054518895506956660326228947081924893207102789297572047369459188797743039203722337349898152883253662469145250439848427376175527624736400650661968763974451561801
3174417990099067820325281291795397716916892231378101327234764228027801963716589164869869746848502462284547442390297828460013194581781842902831114447815397299632930975035237839941748338519552510785288572939605485734284259509987167290805127671503811606366288116815777346631901645344986162489716361507671367544312861719630794935699
1709005068906644139115064895593602669453557353550623021334198947810254836281475821602210175933164958906816742118814242361199466973881167520132345052387128927974758796704716121015901810191518078018189130937731083270655262419747618061410253226008165511240741130387834052135914142170309878157477673470239076158397318370397373080261
2250502151262386301367845967025253234781471446731769183896093411538426468860874137230359006901652253603982230398865049484558682288854962062541475002682174669895925967826795354820296185499979270125032750200538430493526391896748346599848277458331647052758327940434444444942425975759205085035703586241637388216692805804279628673349
3240002237321171014457149887365629182664400572637581764681540260163873666642002409472534350478785654736748747811437264994990101585932441193232330235288986798486105679115628371726553012781368852072967166314921257902442183949191852885364624986308207748370224586607388715096827662259692180779056898985738920095318179277294491587091
2072269463332591311760228406799372520383175035738921001240455487999859266760635895669181923692022583822670745561137369674987911374544085416981773613761588600273705862445561130590478348521233463314267359228322538817850192038526904913153383988497125130742155834281956005570604645612197115314021208445987616532193296299562506652019
3092639430247539365903486669920891707896829862118130703579577663541362636995139030104293218010347903341675996523954794446583732300511875478122446555652109944562829102668962575114736089800734288528941956477157234340243891640270304560600306030526738358425696873890197340059851686649191825050189965229472122231129395263060844521881
3003911683136268528294649674931598973399355838156748841748045025392178749710822000259224964166730682785539841992949695187992407936072720332930566139777105984741496874102547311291994300904050752118479010855433604956479514746763485273476590707324065858211147200691039091007344023462752549938436647679288672561755676249447476978957
2606281753654421155435346492740381941356471996318758985731002667699111268116624611049511705565627362411576880377597853234300077709304889592627287863317197389491166723665357687964714267003087588758366169778232895555713292681591796135278814892766284153308810868536242088829139202016446155245008457575577903935408470337636748377423
2576955428717752757131835926800105723689978764200966068294352710197499211708373258643923161809782811362215425248064374931526435169702035202859880311913933792118672713646613159963938455573741705211793130605002859433496213388368591599765230528428869414531524323524029577639946273370161174973580511560858137040790767569713300766177
3093168723185263463283929690308128286287813124415514842750457125065838108046695332273669972350983995949932449228998998280839966619615856055186808185929554988034329482232995194330525481296995963163286171856102300561166581740382441959795998697288562806843041887597342329583007191181421835387966026712543081111165865832905276752337
2820550591218528899775355729772823525341710837742601357922051113954161545461670328112872194404033294266460805461469338445363563847686799182184783736217483313076903996485784675060084026626602098588492427440501830829313436614779472609257237775626366614820319850863099078283639189895892150778830915748071975282327643450467240985403
2765509116702989774263990013839309672812826825481168711439380157845479535983443985836121307246553279978156918028107525979282818081307320765809218253806765425109989570321509914083908655451997660181925132338145321776151752293248754947012457402318386005875906229639941346633659813466495582365549034545867646458394519331117130555687
1880561693172166409010165939655402756782598980505204624159098201155035439049929589046895777895521133194779124316604099688930139830407650517237300296582440632193650978597773358571941182296888326432774773534015566313487823166627061877632244957147049852698535604968382380253782631054716529176510231304114406045732628388547879309813
2801616430495710126793263673830297858758904510018654452230602368220047974402283517612471425202244418499946730323919719946692814422031053491167476677145738146659707273758602739519328491531647444801078317169429130986756302439785924618780445745071984613598148533594101802878887634833878715164677642624456853696608912444580735053817
2726752492626779537095610906490181892058355133892194702449026929431801624556392359089361864751342411719157048128806021690995593630477845453436908366962534945305306962498541725105305641204962268773261112607880452755980680425794345169082201955322927337740270145287329674261281211795908054757209568311464373437631611403641054379613
2371645633197645504804854216786211356975130948832949549580516371253099839140293379252614802873016988557504698400103472323073713459504019370601499835349200498971404379820430948304931003211629609890560249385738653292866222459790945098098791057564978381404432511062672224616910297724494342305347863287041943783128505206491981056263
2146423258181840560869600277819559847463294954795517057144013669232799371308047350850513407443396035592699066537910048267969146115864302228525321188498630271669309580580221203463269458250640435951796556063341807588424089735804379903831852361731647180233508067144855907854304589009208575590508975231381047771052410894284166067507
2311758114616088798655033264949263357817935210014764668271605634105244441520200841634341851280211487021874094617156270775829504387031345595726681630783503697356311899491728417394349198964441226165895789305504097503128685231469489851934211667835686487363837200374290629725918775398198844239638214211752602364050333122198421938469
2808054695647615727548734983261218050944218470818103295629995947916812908119710656836908878572812427025032960850350003005002364656735308138413201049213412855232976058646163088456013923093034279501363347254411681845332335578076048668991686287919190203051811459905938798368358424678635273096788350464065130482325669230915472452497
2787665104289499698956814705660138799651610140252984889831950953549386069555162329904620887745804872436262051634955887117630214259684511233274272114357288223249778932166022123032532166106459783056929837496297061696663233566380625088530300442148017028579840294259706975495697227649681527053637470950113432518574322166530068031223
2704628033614399440864024546758627284845344286330008535862652368379193592445022335209181307014148761071657716102007272191939438941453368391255432520218194860380560386183405177995199054357076130051201893510848033107799189024838166481476753740100308810004402169638235461573979846064016440078702172254500377908337349715993745328323
1854932330247902231088544487546186006478436443344670141042370350262562476536837683822343054641416770355858550011241929430852650064186314820651355718861020378031940576113230935807691175885666419011173293710260080101887480902937327497624103592624737700416920310162155319061052968296046024757743445770659821912633398130169562090567
2167604042274312905772154563428349056541725276947141465279617679797095407152873022288018560096345432103403451078550699137411163956623162134487954920295195037098120617990260238169648680528719711194310862848819169760311330743220504114050290071468538989683192391409800168545375603431709130258639658845792870334420304965297547231149
3129790145811472398664022602710783658345003399490886021187616257052850065185763521886815937396366372792069386796049296847197315547706518426569170132077245435241900346243737980067969175202672430784570532380086090709598607060616143978306718647618460558659218760095589353040967622433042201880036584450012680421181290883067201465429
3016520304861241812555060205067338257202327983702259187914694606326243319002889024911480913552002612400989340481304783723041211016024072881422750876338857705871499154324607212349024744709362178903531218891997619465608447061126277067382797179382821524892823148825552911759287175326624155911225538063866737429170250488619620449983
2976730712780148764964042735375747566539751318005323519499662214037566971015729952688090958106438184096940634167131314900609224981775747981912715155942814806357015825585592401095858538496628334719491360795141607786478328176126747866534389624266603025092035415036655438147449054024286176075118130207811102886377748255634551683811
1978897387049730091574301334285525017125276169469682924210204609462293142304162538967064297568289208138196603182558608912136102611774152713359864951977301382298082505826420228008537382778271612196217718189243115383901344358623239938963260601959661232183939124937580010966271165312931223851553637706443531144854738489786799925587
2855899273988743655337264004185455988987323857494835787254950894898225400323326408055040944772349968527470811119424241624865834981629394723530115760436714010147426456394494322672112554398172186521021523120867176959544923434700687261089619739782583931886836580306181160478788749639118272243182151816875063321303731647724925754407
3168736845246921564717018848775171396993803204656095216342246536966405574357225610934705656636382947584754500570507360195213071563048121192572101631042284983795234714061936898986189694180512456499091788348143599271718684217621599091317961784849931961170222343518994945343523364291293304897753476080922201092505489438910916849979
2601616646877262154753970730644217475974074415723472787408247645826388877631412337536132632524344123985627852284505272019280862054662972967752841462675395871697820342563239358842966174983539665085019842312442936769355624919792904921682992452595180236059710333522566350334604592297693152767337020103708010989778017750575106606607
2695960276379612743584901184208322897257369114050577457503549855138376422390620609241587712085081444443566869871175487378469626099681099548299830448892926188061134251888819432872136284090784999427595918047209746393164646974746430293863768299732250535559250577180426092726685819959534217305629839140276788807275860642350282043569
2263560180865487449771134423979964338316977250359912021594379040726838485697793905690315313361137172469828160838758560511422176826475158016277151955181951712945383409516451528320281477128594431605040327121736673592022250512239024990080652354280941856187739551138252648658269157456261608982480962391525563453854068317907176293397
3170300486443511871754297781795485587000114349825548403387652926832742407913154659021367705588119723647157306273332421478138074537265943883375965490130056749147622681459882062156520733070174143195234225077518467435525562324382174187640975177002860893639996502589211698186480424787746480878658092623938133666427649364601987862347
2810593374348823139480941865638551900333934525731647803407292415093161892574161762891229639071729272672848680610449657440997571837635710609661276961832857751024224893133254170263729565943981549710339702592033857201800591971230852735712619289714446861682270263115571044725026904167575612248139672328807381365910789062370102843107
2518890566522984581878710298724078226453850767718651090831654614921032722226947537441975515328237794950520122937420088494613566985589077526498445118500698876822074154529482241526730437961318766426025452894905219659748723252138926903959897940549802011440254817108557784933228896047769467470596605772955109719908759989800934572299
2642700513522937340006764695486328679305746764007336365408903456820515570428146121153024506515832704734653368052269424214046980948912418550809306961050277920885028845572993570669060682885815512750035229264668632087879801530319504886238164480306380101331423078061681159909782449136400176157306764018806796907273941648424390513399
3114047292459368079213572237017295557715976246656756344101082953538076764541640407179518414356466232221319274767011866018053431070471124896100995014059428656413538549075028127043494249174042273029948896613540165197808168409638423777259042465827668409002791288636529411083499137368934564926786323973313508027205092916551351858497
3243978963918317821107370228201140016047571613868347958292551469375168190530056610602949574006002068000567014234564411899482293257825688641639178467242796542677028289547485846894635114683091373776911550325144598623109022239223824384525125740559599920803955018243682325468608238541165305200956363099831295659462132507530677737999
1829990378332665249000716228261674074072374370161570145534996696772248317572797210448004999613045857091196516391141924970713750218910758080606895708115557902542298006107457849529631058100474634460320117980995099466819113228223754791150200164397423027311026366864841824809597990391112902846147945587501216345426821898812431751231
2610114648952718781119665183415920994687400120530036625160006959319362457162679884302536157941982171805258126327903802707229384830850481258106785125797693739366586312160134743448645609315258654752197787186650062844652353933286261287775401041110793530462175012572967632471576455760768766307561145379634091331660198014490837847093
2812000238329795897758202652660526374394142108048819734908421491829295291430661666553990032764033066919948018210883997764599740972998768773370334491036978466403229223742692990063148866282518276542703508842196312198422676242789233048762814689626296196693987422737697253751978689648655759231034589945307836333217603738222326114531
1869099593464413607707884578690805152574413110828877443715919421746418693678172644114193605311101487435107413754718980159884214536747365327487880521157927848337423884572515285351844403909660202637562476183397055451443285520209323780042189859604031080645225125276952264293310203945969182691852411529679139283701089394872660450961
2078036772760865174730846174091583480054398186887682791676632349906295111394397867550273415040759396102629060657530870845956055251991191285113372491902740406163591352121375140255226347548130771806657434780752149511930863125245957948544178212824474167288514785117409730400881917774541522934660659632552470061784431415696577338349
2630582957943706737210576379303753139039097420315409089450027928322058102570314722998446030625309566626629601911824646594754224086968565397119249600903876353469353005564733831922758658924656753962831278504457405833397599416693523824679494781984755194011939633217325988507341132633789291122911891701855730217730704040062209749153
3185690171301024768614706180121065633381470306549243669089144206103294904298428948176068153068621332681470296621925842200284299815801723880126924451518275871310882109102512737626748012310515980790282195863849717129589293217580443331086540548088047804897593377716246932214349243425032764662143797895551433283312331115198658059071
2422664995553795453573134859790680785311846268640540685234577050742377493923771573146379065623333148174633779505525134513261871106761494848355535380351256480539455013564510862272878133692323165791698908496654936013803202185480750698710532333369959569602187401042401089434595268561886217832595712380591893992721220230589935734767
2445224381181013773692540946129460436468496302743774182520816147879052761452054645617706273255373441903390398383260979243013013328814395358684454516505715655890060456048356617668224034782294101080845628917373668535549699190104789691470836248654136233879466869735334391393855447766849915659292198594314233650763626011494254211069
2934401637008059589508914171455083222399706547534595414251022744038416065686888285130310906536729380586103465506991257585523567950953297826209959333476477393554311946449627237252760211700726177968950370400944045172034881295940735572197562156608822132395859405472993332770867618841994798453328452111152591327017766283912963614207
2381638841090169678280184551775409471634451200572473919556066805716317328464956793540191108490717561063578592456302036865709621683239511190234147560264049159108876298904564460838180603059201394927862522045750033032952320062504457131289283983289607437339965021231767590111249966619400110521010127856136035433600430551909031230949
2847920037224559090185987311460596113035284715908934692591660500350705177402429244268036899774732288576021012047946709553872506879498213369464993056196281189412417112303791069885241287036131370834151830808828917712807719446074937800749903317012317038432016810790270290515198204709825720065250373583447684307273588686743973355617
2573378813111885086114157778016655366040896332274070034022869850294154188576357782735269426712716645162219557979604312589740830147024145015796345952580194221033054867868113822341483935294504684527539122776525030414317695789376896740497989774246717325976245806681658898190310306467214497159562063891457909448372230171180060273167
2887731367521942439984734178637224186529702965162178775922232341117428134449801890467907134589672359407180263589909221973797184876340667249242463200185655012984894127234551565394718770902834793883948653274801208102715460091554506975116860243237534182652781513768789194876769541322898880143646923279029069734795712426455443701677
3082001487246029391120477240262025656716639241103771567044575899255064618972297605585990344574079985946025395562702306602762688374456742928279440861513990831222956911904831860116131449232123956082687017793285954624515486669068334930734582141061391315813263479044775978961708582120477176545040401226818590642252666120447581584753
3177656686137129677574139517374300403167728694031596235543277179053995530073830695255775215572344692994843258626873199961684726774489433075853455562375349311686323327896273550991856121910011237442777575967598538750134063382272150948104394190481719404646915564737465121558699338014659134845008648581934508929184114979068462177339
3179948178863678075298734483031264097643413387374011727242132010998136432395984720589478869516163689248807886141145211212260549127176177352728065829028148016240082176517611908594077908705249387067699370303571762288459359949510807312452802949672587703230375133388581217008500453065412150980124287004115028528543527109520532270753
1748704262469669450225512831511551951460515028035366262757021150577849096657294206577116192165590001154662054284699465853583855289427818887162194235554278571903330833046327985820788781757688313575846430242786630260761956516286456983535399532160515144591067437856148850783238503060645206423337944558749772230440159313870794299001
2088385967568191679944861735214484086631983652076008389128687885456411669026751034279712652368365764108955273337785080805421752789992712035748510062192030775657457067650489342220297328147802330007960182154988699838624217180297252048888430316911058761259001968951035798151704241960964897104872744842707186327743916067634476851819
2391380216747696572090188363841027257455798689019246625294395517869010455193916144984086728151573262130157153982611401699540086645165632788672170588456624788583275981048736377255796510403715207559900686080762234858944467580627842951470501065215706793113730959542473364956270996277648843345024333682026130674481338628158185000371
2240174893065454719128704648218961640028599142680188478905020245194872428576293546888180723278154744379078280591277633345226598429165421359354465718859860791018225257637780072844825453870654125603094348253116246099844317984172110068206761031308133731654206241620582584632330590108521635387145583784533581571247179746432787398071
3004788645659627366771975889004621673588209960110093924304150973650937916732346015304748225418889016277791572622236304483021253993807371228517621004622893588998982643291728438001863148080269136031509805208486883701274081879220221898433856242039285381934761995814478473384075706651421217305602359495354540735872487323224818133279
2524665519783355477692796328136291586923468791286451769296819947779790840454795442478136211008043687902016500490708833408913222961279023020335905104614288852079998125992647206405501138440689573885876917487439436065203907403132396691999259874606606112702906184696013190902664102109215148220962055122465408084045601748214642279313
2785876598406340336488793557776583495210256913395302489294733070361546322674383023625123348626850778189163603711385482035254791889348700558488565322589965628158864812879667536270326359724473971941319899105961511269386867044499721024247659870253434274286282740596338458031444907331517464652787181928558587903313049311247911883857
2198217435919096498159696784791250108078724844764743998855791148836738740482422669422069840140733235877770658731662625931938480820318036211383558910156087560395283703120453590105637347218073551256901309206360601944072094862995062396452685690716572172196047294710588180533651402538779172219358066291693843213094791747486020426239
2831586477229704401790451818284552422852887732324405445704307356332555781136315986803446846508356796846765493494256161432920024735035305982991856082272251859089668763162503562464319767057989369797597341793411776069034964603675450319046242607689955889876133872236870458639368243899885569760358706827881556665010718286874328602137
2942818958477058547669146790201801740170630885422332486651410738640409432881766719616587928370734785974419148569951725688762426979053151565501519810343623246175178777434778324908841778882764149181690587052508080375121421795914537227141521076498679212205844305745962951644719449067416475290413091693460753149785520154899968930441
2922233287021857507680764972288578888162962979704213498374928805014209839175226620073636501123221669387112344508693115992380861481180868532076175566163361257493250700266884679858197532249940282524621269675573043648235462979995589905738916150026409394063150027900906951976728848054000245187781803881740938168631399015825161608967
2626125391320622963155641296756971038659890607896713434873723480325112059039586214917563920950664820498562020538064502136588079854005795338277084033673031160269222209235027840504005367420683110950537384776153669840076154705873839849903068226880913339602284011662365796989400905826833888576379954049421084806329741408542989396961
2140701518207933653487828646759701430598410719469673279104154521263192083638367522097924083025975217104391295354664099718896119192480660880972369099694628418551684135551837578488517576656538221070348991205197886714909161809825356250806913234686976880815946378400782023399880856250474495350453009070712181000071332828219172998233
2658032007157654729080165724316445422950537963915147862124247947849949284346477480197976305435749436087691096048746592291789046280355528130569223865883037378160606459792161143838081647797870143657937351571139354577156180857424303832891744964019042217038953189023435174190151413430668170999045002360457548018622600482137807006879
2890755821206170511541914273605301915189719176258706685368753181064497507770117027954494978571563003887148095718553508092229908933674626679610735947670348307595430952301146487086985836945324017478721459054531570678670387877865487730183193577032142702949451439957612032986854321009456647449225520256833539614018515636920046026391
2818371555824693927240064156115473843934968045851618805629332057155127427294642031591074437616469125589081106577989519295595199327694603749589393576838183756380118421994636766345292049812094219485166418596149124096469994396871087866061986437036251559907568726722402989908554136070948086602257522698798418523786540589431364633173
2987092693510639521910639432777756184688249296363025718754915189139711437532292342911880087295812492348012364431251136936038967188684986230259854443031444734903388300424066763204922600497213005382803734002304263994878891595872305311907764796316318975420729420059095936196346587545454774338881847421068289944004748567225204226577
2493782005984909514782488913069542829873619311080234337885966208695500922985321989984305972352643919418881502160550321080726722062467672524496959410378647847587046416602610346287028601031996798155308116165399889139519117990045079474929042912834375111510690866124474704683861138988878933846453378331154179746351132850913464445541
