 5550799971163609795153781347966436427993658935704833078169044927369914949532355170942280434348146946398847084827647331110006625964397979935027586389573630549377029605122649357796852598532808772008697836639853144901097745066702475213583320432049695887090375030157049261619646289898545986187
 8932470518976727223343114760454024957247861012614510498106336815535354615166536498507805393096006974471936016486941442300891384870386416309509891526918680820098034664257685978245376053327593317414082438278995894454424096047495577375890551649351838116800852517675677919632726462936610791759
 6646271030113690562820092100474101292892470508606977661644673737637771473005708719962170479830575863922614754817094211969499856602762286255918569106614054430321789029590096915651937804339267322341726309950722415502707744891969437902972421658861923829641847255792656790801008972870728283949
 7193319985907451111096439035806033361647545763039109914473810948299327706136811409996978168963643381555616844860273842535947401107504932302919140616937426583187140870534188535053055241449737523782831815267782376681800473680506672266365681296375284597322164571929894863531465785196338441477
 8930660042570211187693357783536117055331180257729240189502768564204962683853753142670824417408130988831532549992363514138535222500172156578579963732804863682576371801601030488320955717049630225808506042146198560721457399940860692903338195970420444620273502958143388998731794860299020948447
 9191503254685758264820833399795462709899691530768209485951630195588137193094418355700276342625564774999791189481763783555675916009890911236100073266006787391438624564593172032800418534355235860680301964083169963436870653962074971788463594153000392585341184314752186097322397411244630752791
 9688114974177541047036244694294894797969208965844412533169850097634609431464508706030812463973535305708242348491876726844322536362777295422721370604257482675624742379244788552769247491881097127668123426184388205432519759995262431181035133801782227331894370394622931450429907995176130190469
 9228042472111791563057922506903308284866212072575267180040298714948195191834367230676180352865446791010233544588654232191102129544729762388468147535949027792749420076175034293892741726357058174108413189385875628177619879568420761987724373895100811361537797197611324199689125591095994719667
 9279835235101120590693398638908584585664416198777441903678289607799495919915429829122003045625278774993777841939219887115937534544736119555526013168340850947118396483593703598431784295001587319865431567823404766530478949145481953801163790643871498464025012686310886451573515052237187011931
 8839659009340992520683366660330537049232264463986310184654101083743208826977719129960269647735700819061476909194624436705660142002256757620197790563891787851045259194515064362111619649131652666615611270619734729414007218598116079812903250174932398658040380530639617065881493038239712134537
 8995647906897684906592864071199931585850054483797422491152989925982103356153197312366626666938479060097681115442012438729272022763178656760434968454646713317895996242656690351124653763202821728925791058027335331704850766151492542578242526353572109801414617596278557479389287796476122276671
 9639083732275310999657989587374699998445292394670740453613402388635759001626346763259703590387894844459734430363338351709450991742887836171305004045381685589432097157143330710181313637476554403398231465184553635139676294264861277660030153382335068124577850902805303668591276498310494646937
 8735646828954907678603625183394025778201186047071409549792364401880491942582057268871015259526561022600260447879383139059625950552006854411710348221819802012765330357734844015699764197193563617086086600655399571002015617300133264613177418904966182747639250407203101565827921776780169717207
 8589870289196069341247573532788547080076435903444589468820081539167679054665829748416792594151140906364929275880529938582779071840754116784892182346383379646171549265080187487881317017237643495602192337464975770080372729772092209689459655166536052098265000019598425384957940334126788205929
 9743708550395237610903659497139014666362498759671378392975777130865153435543779457182314595104896747319377454248919152030877606352717820288089695503958928218907723137170466142084210627481879282752936597329626476007481064125812619286856857108670978667368698200455697257781503911489661174421
 8014550846638377803144606608878851835155916121584014986057365580268758237673801025335905160810229371644226008232587453074496463034059549082272174156502510716582413735792941630181620795518629009934135038300712239861604009095656223249157063999622073438527355935152158201475564793512155604819
 6842000381145929440750235662769519841475646020022821138649126542163797170924890993161657265001081141518513242704456791588252413709994041577960524530198693633887592012528485478619566592771845019320387229690965651539111597903115055298989268041744005764328271445986164247298426168448326091657
 8091108875657866128964879055103295537187300012459026224757396635518212421094879342522558022323446207975949429773481273862059927643583678953338277519877564054618023615298375358201899034054426912548594358538425637713091287885537381909257392105625847569464245665693197657090497877677935791379
 5950248673361792656584144431819910491632251385612416886041925264872261938495268613129057109272433304810261261455378415658780356021387771799074134555758204416786666985975716709703868982096708133265595326200725775522243048046298706876079517744436145830563950233942167126746590022025946478209
 6485680712938728093422069953610824259042338754231162082366128336040821179967135816592574840094380884518087868146406911244841994892993622474366308012572147113548419460454631313741594976006709078459104103339399990264795415822327333613934952121770969079985397632757928179302559047009246073341
 7894680037391210137185239969482468860540368955187481397488939744356813092289626027660747085515098401064757189461282629857194680887916742447016826272847761683801100593629502617380469201793218350552905941742888734382286898200435728807554979334885255852495349549614662020211651775503583728449
 8579289514733271645275163685933948899288994364152959253028503595788190207340228317337295116110950926849921031032996064272528776805546231369137683139646786132350589676074482033928243637600454421855308800836581759720705871017066487889578425569483725503632097956777441875910585138350747075677
 8009245812510618901642339514624770188459179198067465324741286645943453512121448275809201466643271332047340672851808290833133930971214048803813552536301725483317592901695704046834470018404424803441106215695339162327696925691020985599795886245884396083992323368404311087793566907539181750511
 7924323007471549432995803304328474127475347212851648908417958537969175948227054513644311630623744867731791753909155315367730942023984194405009949240930615002480919753095026720835314291755572620877923844117119868625599126377950813331294491889219480245397738289429345127733646646585969932839
 7160099585595600593381505036449691652065136787882212272343429864575386214958679842536867991788305719476618165033662498433176030037973939302679893890269288886292021183862886406279481647054261847794685221691761019329738773404904440065261221113627595407020123440137958052604510787189102472469
 7247689934600205546046798052298028088256126493414683461621062895260567914422558331543703952287559895457206718083679652380481706590771918153673156741661147599466080569249510647828341407685563213749202999031957271210915362538425775755571828582588364175128976319586191429585207951997092803541
 9624734398446479044735308133377922258573485356515703840986047202048490859579134835187642833236667939760734166320971940493661833522138399328103156379520481532367802393613307323876020379519823115439043378115473125717012248662583035868062943519062358046842117352983421259464905975124709296099
 6218953526408016581233220314214376891324412356050467610692180033153522550038867020097133583254525385119533035327388875980163095475882778444429337046209848450380936426478091334199468811030053032153417787095339332890508421355949239971726897469417981661535149109863467172111907932005135748341
 9697309231034212237531296471714910440327381096277115037786792388240105149561544924321376769965685002857537051570887328341304642713063878851529007799126585967302105526944958072181246129559707700272403994841654348154500387706709759416555913367601957358111756172619175035263566003274804834079
 7511885049800372722838585854935454423996015318932492415429970346035132801443772723386899796361983877104122975302585053360598381568638375066759636424212750684974447964315655674759880612101240171501217292929254100024179021750140357134883073551349178805123005029474151941337804766268103853049
 8396038456831981177139224585495950009224885073375144166405817539117064856217115277200944115773279042309408429794261792051059799984468706630681830623884545861771620573739348824539074362868012096194977885337094090096954108929710022499235412552937766690555537625113707737752939822925381331317
 8398318465826012294500342078894756520581079687827606957272007357467711230679200859544467096216671454988895022276829561585738613977772361158993264548676033534595516242032984156603279203597804763982752879159817912206492927651120978222785315960414057379551086593066067665916964532966726637873
 9509859020328266520132267211087586704431435949108554427451708816507214993986277682684088616215546403116718257748058364833680060749831170121723468103537823704268765733555866886778225682757214289360167726987960925332633508047937905403231192794668176635918573132209041854224980254858749144087
 5651456737664702941513052338132493418624968813433602265605056294020086714453606210028256406406487840712082075575416208369357459999170597837657686430710502943202470219584794543760107904945132381106946408768996189797281182067502799232480427673222539152536003878570930481494457589238040836467
 8309391435590401721081005372936764435854088532772246816300191166058822560294038089577747558937929957977847551281860139925301646291600541606318042871860934755722738016273396845679437141110658481314490744210902474987489972075107140714373974722643558615196330039320421042737485628811396186421
 8444487675579209303763064521484319994259998337003252611313418518539165569208042708742113670164364693697743639042212340636683390182393653514993777977360821292547474625551600802078077304104076092265988525512226890636531336598272970466269964461064400551457707607422067125046444043678147732067
 6644832725455556606848860688363089680064405808909685372844177207255934770181704840432874867477897412501205852995063704947916784047927274514936324180311473755070776617937870550055835992687744838104646852264441002287326896044676257349512857196536907168322565194311327522676734958964240059593
 6916963737286676657022069878885618823364120527584771542149497675863277568596809279408354805593778661922243383937236425881844672107006233088151624540366454298667099591735584527002753950526337878538332404393042886770658288028383226410768919528226085419395521732785174268058713614482755620793
 7965289580832030588710412938029752846275942623674022534620145539867898945353039001769149393440564746515139705720917974328026192435626694962068595841496846424208125637376182297338517034071957719767260929397012979593913898430817815076488181948352111002528064165977500550822453479749966604073
 9573833456852810555556216452723555564150099719226544633552848791325863494095816357979553226676791709209822420226498290541799702486661797532752855503901569272261697860819200338595257783563947314397064087374406390371606334012961196464966420751085446212970032945962291423286583507545905327053
 6411143828621297054135590168500629528095503897374984665311446745487289157941205005907660477836625925068319013830598638647626781273161314174838526388653150493347109080103160018135385194494778978300365667704352659049668385660985182868468019096611164253819202291367768650195991709207764144797
 6819238491936132092128857298857276447566963767886863882994340309870475156056654534271446565497343499881349992427342197405598931255430949790052993087150730621219838988147274593663204851279737769202905466629689458016467512279511583999477580237928074204916682376303948150337541062420303786097
 7885847386970741286525902778777840543982881400791900166022446848922502226439258095971307828312989658390762142727240621127610484527268175007285846362133565626280859734351909115688979375888106911858220563635877768395858780510882168956792951502623594306992516040409178716870450464640143725489
 8921343748436520555863130127647655843784521364148744605397866038489349707874596857933333135238668032224578629230075507751946555086027277987642251889345363991392746594926647883956645888638726045375196680399842287753393632924614254228781857984089860974504520562716407725956189535525128707937
 8883476064639442937439706913124882598125327996983248685409715662727758790036893670841041366508174162773026889990499002710892232248051084368530053157418633894025401321825739559384285877366915227834400113562728366089859824293918672262124030759046287944563159173443492335831034325380800357247
 6847522673944501415328752281625080662190802598348467007113139080003941480816254402780734718408951980825764436088672002538930937238865740770106485241346027350642529715632827406134605557714759304741843607828119832743350913331590845509539571998124787807284659832927349547678712207640723791609
 9149586526250200191142461920473623531963357413695274841245921213632206327244948528655379356954060054621951545048820203017676749603824432159459416966035133978513316851531502921779906361609340148202674114879929385025537420205746933737301334280174615595828263190332726709274809834327982583823
 7795604499816579315088283674500930036570089632243031089989977718243611659853420244645440924438249163423204677219344990608862295660227383296380413106943729409789445580574163859807364154023322420534779119968102725737230343906031610045702865516710069113837931606626542845414247190386428451159
 9414836150624094520716997334572778100366251689270113841241997108544621003534274010733523516077547200440749676638661340243067051949491904014009094388353287015609544658792404137857629399070192869087378684339624494739888227310045874250691356851914086496037289838111992529684804505588699048661
 8066576438742116613971415337218595537204857277000886142206909119953238961082970019407931989925768587299343414693463317997560145766927741433771499274268182541637714629494190260037957798465807522716743021474032765087636486850689490308283108727474174347488611647553088578918543230240909891149
 8415506928003745262334212212390130329470256638612511807647890880814132194554818614367612329153174617628494648868735924757975920757026749785817063620607670822342410302859066386263502618998823712620323345397339025501986516041248540197960477530181729431502821029198823432869819644163575227851
 7808774056757124328015240548553235674254667114607561957276137068650352533936094432295588503079505013276859736667271652374298679717989907073155677651022917494987053055180351469755287557460846574728523890320940853818301505813936095400811853739772073000629496241709616081103099534448337834669
 6174443469933005106670642356424087857471647553560826736986819367569023398182853974296946682459433502039641049368878227529406200415357603188691847059890772932911441433677006846494659758488246409111492629518869595264670022805047232425952489228169573129030804433152598144849355184564445471263
 8927702996060410209693914274916497400417014579766679295721705453938571741242338987916275726620594322309375311768735677141189682582162236752102998403062159791550792548937706603561516354209056486085335463304149918672025268679178309488559312133008634271175254370922438171183452670087239358551
 8724774410234102991542467908093665392794124293486639687118756687477028632063660255517486341490284430608170629467224530350802270865613919744227382653867038462369820490854475667620331217076235618304267516775143175431054420671697029706153288469264045854376949581930209456869594387685222588739
 8913013845827486132445459587731052095402378631168665661139748128224439476976188216728294953380361778676180399633642839569646494582943491998201982547495515925496758000153718784094672376172736243686896131216773718230856399542540303158548881729543148934974436482946330042261638124829490607047
 6841630991912421443601958379346842234811579455615439203686372887950900867723508635115591932241624465606193352898597849755627930557582094328998690155636302575659585071134322463423057277141301240734992557217729376440640308875186953431200426638646881679381658975181785580928374621298798045553
 7464480306673983929778911390943427545175955596924404750879897424956387482233969819420049312441829245750274036258047915355254336683445193320592502550378473281589276732447196260427523901904261545231311357948341340628947266945587159697522980994847346778009995214869291096664666523309549142069
 7709893697907756172358329250587715882528698237868915809423208368259979883706321016965639503200229423659269723717152851796522085507396043005035729826197392765035946757169886794562940884961686009951091534647451317822804534572549394546520496043120712740569012082460936699705598470384897599713
 7028462342986283654663002592134612941886910947396262558561529270578061566211196811026261439969969161766185675119604327274434824358795534790540714047643947906712690510865350482752394513177796374646018937911023422803744895739385916559158893414814513171986236036857559530389430049848142999673
 7601746993245897629394130791000733643207535706680161530007528973724176358190488116398592696440760846002295309597331456523254356554732212346076471179102057671362257813149774925950109608964278805406429773494165686279906150953515814707969432853635666265520382227830114588480917988823846878209
 6817857452879853589574618586018408414232074990964600670029725228787192382709021317933482805443422140437527375977640514758884842938622401560890727076164141023987778911092736578412364973010953975901117835294489644092351064612168264885040440476789893700021762708945480101823829592124165807721
 9141291873609929112234398961599360633486266893615445206210670398371648367110240399109637550644294856576823060638540635996492188434564983991507969569145125535236545408885712011351157568359689198731827725862130157497032141465429847594253288974410401604250100775438698443658035822082178914737
 6038953349000317057198940734938223141917168601215900005028668317481494225497897831731670398053456650953491631053750354432556371889574568198159488467747492822452353183449429790527407068009692871486394137667414713190163292965532610815917902845614369017385809537807936431454073431358325043277
 5873184602525702271881664786677164036013613672033341115225893925960943846563495168207331658123776910828044964398016901383470069342380390136025106432142901362883158100263640613195105797038008268877083524590921337075142638065081362080338716930231091638756678301035706763351666604301455379549
 9596701126492624328364876852091438504995526155941610286588220037355152148456354898890127769439755638936097504098820734852984042541935677892428481239568760947432349972625332038047138715644172864019580245694472719382002901912020165771454475645877326837091787242757027645055189590288867800777
 8686928790292624099053366898964045690151050211684337324410663328870500567079176456916461363601589774204254809582402494442226021417046912616786372011252549309739535069247395929845995804562618473379898911041886024811673916383103406482198655783177617079304106723908757850717771461686257413851
 8620870622283303303726368469102865775854207472369348974901434275621421981092211674028844237941449450569492540164062800420162021783477913615605888967306686572840833395583268014078027365691949415474336745247811382365237630770352422350933793430607384825663283256620434154254365958577932348301
 9454327922962711868678332408533925680350632380137843736994217525523141326533968548413455293420116905967817273630824359907272768851734169610318319395041854026057649321366857616463059061398755477415226768335968407535442189548261153554227778502523212563527320609624676964204979479510056489697
 9099244880901853516064932084631074403158766326350969180744654952412426478860327640435030080566830950618447047737950228024699643220053211908424581940054644038581075112320734176183028874469506377857790824593678270113954893867145950895822858141760463729418883125364123586694232094865792818857
 9085480473801604039985419573356921207472142566939426250249925526562782767794809840215306334601591586422099214814892099255183642003136468009437037452427467001313224819377679769082542220006948228001854188001458030695350895411621351271321983320186590928396183193918736934954880350892910795229
 5900580990892927577554369650748191506563597678637052917892605937615402774521048895064699852209806409483083017542969697119834818117871351086233493705997903717803365080653145327827562701915256446619533535889347786686779085686846463651524546325031821263745061510317111109397253476725315678059
 8054800923099673353047296038921310801633370957112226131794738432200929747335717878637974599815962739372557005880952280840784869710415887484406053597453797348271263212464142891499517047547392741312467553672157397031876061771149731723347543194036591519746683719095487516853192271133958872243
 8720819823306077988558545815097415588420814813488844649841978214870101915809992882033297781073122421997504732358232811973100003013250269947781770877430241596972749601272824416833224611485931519117092591933131662522009235838664280784797185084399804379091658410903196587449097179952884702821
 5943548543051469745315262139505198038343725571493354548360307124324051529654715760735753947652135564328037969497070451602693523509555153023623325853183818459327370203511843051630566727318999961802128582789450394970185443208611739281638755332132265159984533193954488866026487417080532127749
 9518760484484988382498859572909643696286207497584476453343390605710519463096512915333610979481873313509423064282948000363001632304603899790063006982586536477241507501537134466616762574556781570469528873759831679071357170438369409254270840445686435407802859251938808634652276653556469711859
 7584625483467007891892018013135602128524116996629382701406034726535707519191667591849196253174536011790684099444113539175006896224066863344961241001816459720734114489989487256489649447518799380091749867774889564797801988956140117561516795621827818472320552736253948025608241494187349781477
 7738413582632418176705019689764352703824123391314841384507051382775823191816414002825414372007078322156576613621878049145684215997344900047048580068550424066581662816268339604803167297475550943305524385280024783985620887332386793954106324759584312947621957964251003070221479455597405275041
 9237669308299039481461388240862224335883234530664277704290133848692970350267793425515915352249136363505215604030718587776787683658351620849349913197170901955001106864088209692275584819659918330926266996533794377572185442894743576990648658622845598609180822781735872722520453534256867033853
 6324574193858048251775631111694030339789412162108835245797452425252695955383938761358553651733366501077587767918378823439048081544022233822151930704333355692578688558062346864274632612058781432416725905948284672820055985330896097282333965285310728011124578692560106997962688579021952164759
 5379190760407243036530445115398758371960642560832771389645893365610163432685201841255789663313797340963820542516644180896622508048315090515693476638209106143070476093346746138073030414294838457102243517955607614524961833952325105768940010489552350542508644484738630958134584040955565330071
 5152812416726807107970067266697744196165862521068225479427525949310673643277905979228271625145884135419307873154333800624816672264305874559088884041217898744126831355365637503367174650370870814126664361109138204563200522850742761412480467779549733514813641175750117500071658606632822108229
 9590872536766283809022840790185812706100397191823771024625644841579864055203483712463604892712049462856095112441643542214745537166557022584682179415067701659141042709645706715206677483233053959943401856796196189350025172796098724234139258688499662367365641028509194174411107222156486495709
 9712823577966069771071813019375983921170756142427968512238329244735058424975098484710838182606798584566000317695085779392236943036981958040368524970733266430625402530297692239228981313205143753410206316912356594045083737994962954410168508247752382234847565037611101624298524431606920870639
 8824442637471339105304654807233460589072640780271131320334561655083215319100051111199371174322376531281306171887010550033814307843038117236118181027093627155293952466312630612854863763348255701377392229235825956859768950966571990471285771936027839416217080885348962322090634798591393370047
 9111002053510814729225079586774648600924286684220170249068383116559642368738082231420081025964623799419218203810889931458459671419257652952343958965109854986089316500384547120334689428030685990323939366270864923245094319882721106225860063380506076843011719277215337089440766719894483331003
 8847181834481380000795345366833213670565739959150821123362886067319405686037416827740608278212611969354543939367701945084355192875056860026158372079550225895365351445412223614006871922658267869388955998181359824270517846883654332437598818414524027295307914979056361313109499916350895405263
 6638816967542685356923412033297105803604736818533553434393292846268728534633670342300727068918435699982321493024080491434686336481934721620634705867410221185776332505070657743696679944133752941939700527886360886634793189520719734164882095207800666207494394900093363973239820750380266130977
 8813415554469247458136306129390066757825272214885516048272575412563489830278149594362789829422997657180357797439562597330064822961030776890878887697878836223009144254929662177176043281778697451482133528416108115236643506484852600846013168251951969316991069352782184295465012350718892091777
 9073009537343119227439493691431145000198422933241425871465587837643521883369383971931336787714898137135662166415592613362416891807299883656235300573139568631850066015295636103707552570473639975335428993765279918768830946110635227298327745931007315883118958606502729763199430402799239738327
 8339037882489179534150614633974080643710802753241260871257105190560025105388254052980192244785878638898095670101852755673979947686530084878688985168448249116142005947337842496005407637663937685799197509585104846457752405822296493223597096223205500583521068800036880586554336872298446507479
 8950703842153627516685035681446256273790179819215169598609116503685556246410221750082690460761423732685564661269743511332832855133387975497133634671214351708719604082398817466441476934189849748537796303017976308856684800671270829881791599857434099395276846896169889927389485847589569802213
 8271394453262712104075758607972286896198790748903554318463523179098541109675729198753258146105063445035412755518788241971336448431800443972785139711689366449664580079358855024858877116162068651511583175083216766617217864813539577625831251078223846073615024865630265846901219262965295008023
 8997504393757801814194610135497182274593893263605917260162084661733350109578741134926216956157600254487122282755872055734387861040788947730093963084580660902604907767348270779307448420465197332402877073782578413824053845716985171814064601721816561578550657977587052449185504582633613230529
 7871848512248705632348842387183631707611182055122047169536926883254783016285197230769602500095689794431181672416089543152698744272475108402844381039169609270386149965446150190026704052284562733764043985955693655180804135715084915994869829259657564945132368653546388561865837423909764814097
 7411157402624669776073367715036088139610462700808898062946011591065699393163703891231608240161284573947665271206548037732354211697453923818936618942019060520414119661243646913466642232035838960888178910200194826054450698281113871330695194018054606998490376300358475668447924677230534199083
 8575598288124999732151966137221142171355204668161059033283090697606787075672501488914562684729850527790220741847996267495004581333697851382548185973538963393644296526109474110277115647100142806383122297508825078764144514840865407588584919602804579807813350541000171077131015206485601878543
 9127257253376204611272366588596952695075110185989062692062391621026183611025140336589004404426878300715471555555536141905806858528411274183187733636603005547697209751371987893097109004911831462845995252292465935779415147057367332699513713428717983907567294206041472106707216001815551616417
 7709536296460635074428358522398676002691541544135261111910030020992460287519052165543613792761298631290101539273469763078655733390684318704225087230212311185077375685017746744818672376359565475772423909059764513365568588050950991812275370559688745922216409959269387267818059304598952269633
 6575911402250110270062150161001630029069933819212741030158018535209503192369284172657534837677576959686309870295832537435883563187033756286349272778928525776538320585629806506608704130897128198110448506684078303416800438782843005348351301306058050161587895445067263243850078962747297074359
